-3.0	0.22737282841391887
-2.993993993993994	0.23815233365989547
-2.987987987987988	0.24876327801665554
-2.981981981981982	0.2591920378261309
-2.975975975975976	0.2694253072764722
-2.96996996996997	0.279450112653273
-2.963963963963964	0.28925382593789484
-2.957957957957958	0.29882417774463543
-2.951951951951952	0.30814926958965494
-2.945945945945946	0.3172175854857492
-2.93993993993994	0.3260180028581695
-2.933933933933934	0.3345398027778438
-2.9279279279279278	0.3427726795094241
-2.921921921921922	0.35070674937267604
-2.915915915915916	0.35833255891678767
-2.90990990990991	0.36564109240819065
-2.903903903903904	0.3726237786335107
-2.8978978978978978	0.37927249702023413
-2.891891891891892	0.38557958307862683
-2.885885885885886	0.3915378331693864
-2.87987987987988	0.3971405086023768
-2.873873873873874	0.40238133907268975
-2.8678678678678677	0.40725452544109475
-2.861861861861862	0.411754741866755
-2.855855855855856	0.4158771373008609
-2.84984984984985	0.41961733635057114
-2.843843843843844	0.4229714395233705
-2.8378378378378377	0.42593602286262944
-2.831831831831832	0.4285081369857921
-2.825825825825826	0.43068530553724405
-2.81981981981982	0.43246552306847874
-2.813813813813814	0.43384725235874344
-2.8078078078078077	0.4348294211898491
-2.8018018018018016	0.43541141858931676
-2.795795795795796	0.43559309055648066
-2.78978978978979	0.43537473528658516
-2.7837837837837838	0.4347570979082958
-2.7777777777777777	0.43374136475039915
-2.7717717717717716	0.43232915715378273
-2.765765765765766	0.4305225248450784
-2.75975975975976	0.4283239388886065
-2.7537537537537538	0.4257362842334885
-2.7477477477477477	0.4227628518729887
-2.7417417417417416	0.4194073306333128
-2.735735735735736	0.41567379860923326
-2.72972972972973	0.41156671426400954
-2.7237237237237237	0.40709090721116614
-2.7177177177177176	0.4022515686957309
-2.7117117117117115	0.39705424179257115
-2.705705705705706	0.39150481133946297
-2.6996996996997	0.3856094936225023
-2.6936936936936937	0.37937482583142246
-2.6876876876876876	0.3728076553022983
-2.6816816816816815	0.3659151285650335
-2.6756756756756754	0.35870468021289637
-2.66966966966967	0.3511840216112402
-2.6636636636636637	0.3433611294623677
-2.6576576576576576	0.33524423424333794
-2.6516516516516515	0.3268418085332891
-2.6456456456456454	0.31816255524665304
-2.6396396396396398	0.309215395788386
-2.6336336336336337	0.300009458147093
-2.6276276276276276	0.2905540649416581
-2.6216216216216215	0.2808587214366922
-2.6156156156156154	0.27093310354183386
-2.6096096096096097	0.26078704580960865
-2.6036036036036037	0.2504305294462326
-2.5975975975975976	0.23987367034942358
-2.5915915915915915	0.22912670718690603
-2.5855855855855854	0.2181999895289706
-2.5795795795795797	0.20710396604806647
-2.5735735735735736	0.19584917279802036
-2.5675675675675675	0.18444622158512644
-2.5615615615615615	0.17290578844291649
-2.5555555555555554	0.16123860222206066
-2.5495495495495497	0.14945543330643285
-2.5435435435435436	0.13756708246596125
-2.5375375375375375	0.12558436985649798
-2.5315315315315314	0.11351812417649562
-2.5255255255255253	0.10137917198989176
-2.5195195195195197	0.08917832722416674
-2.5135135135135136	0.07692638085212605
-2.5075075075075075	0.06463409076554531
-2.5015015015015014	0.05231217184837454
-2.4954954954954953	0.03997128625680873
-2.4894894894894897	0.027622033913082586
-2.4834834834834836	0.015274943219455522
-2.4774774774774775	0.0029404619984240363
-2.4714714714714714	-0.009371051335214077
-2.4654654654654653	-0.021649336365218597
-2.4594594594594597	-0.03388423902287808
-2.4534534534534536	-0.04606571968968051
-2.4474474474474475	-0.058183861049658676
-2.4414414414414414	-0.07022887568780015
-2.4354354354354353	-0.08219111343126756
-2.4294294294294296	-0.0940610684305778
-2.4234234234234235	-0.10582938597825878
-2.4174174174174174	-0.11748686906285052
-2.4114114114114114	-0.12902448465651706
-2.4054054054054053	-0.14043336973484685
-2.3993993993993996	-0.15170483702779627
-2.3933933933933935	-0.16283038050105547
-2.3873873873873874	-0.17380168056744588
-2.3813813813813813	-0.18461060902829152
-2.3753753753753752	-0.19524923374501219
-2.3693693693693696	-0.20570982304149077
-2.3633633633633635	-0.2159848498380767
-2.3573573573573574	-0.22606699551835166
-2.3513513513513513	-0.23594915353009938
-2.3453453453453452	-0.24562443272215437
-2.3393393393393396	-0.2550861604190874
-2.3333333333333335	-0.2643278852359387
-2.3273273273273274	-0.273343379635434
-2.3213213213213213	-0.2821266422303737
-2.315315315315315	-0.29067189983409886
-2.3093093093093096	-0.2989736092621457
-2.3033033033033035	-0.3070264588884238
-2.2972972972972974	-0.31482536995942173
-2.2912912912912913	-0.3223654976701645
-2.285285285285285	-0.3296422320057896
-2.2792792792792795	-0.3366511983527976
-2.2732732732732734	-0.34338825788418725
-2.2672672672672673	-0.34984950772282375
-2.2612612612612613	-0.35603128088754576
-2.255255255255255	-0.36193014602663126
-2.2492492492492495	-0.3675429069433723
-2.243243243243243	-0.37286660191862314
-2.2372372372372373	-0.37789850283527854
-2.2312312312312312	-0.3826361141097562
-2.225225225225225	-0.38707717143561443
-2.2192192192192195	-0.39121964034454526
-2.213213213213213	-0.39506171459003137
-2.2072072072072073	-0.39860181435902403
-2.201201201201201	-0.4018385843170633
-2.195195195195195	-0.40477089149228834
-2.189189189189189	-0.407397823003844
-2.183183183183183	-0.4097186836402105
-2.1771771771771773	-0.4117329932930098
-2.171171171171171	-0.41344048425186053
-2.165165165165165	-0.4148410983658622
-2.159159159159159	-0.4159349840772948
-2.153153153153153	-0.4167224933331167
-2.1471471471471473	-0.4172041783798316
-2.141141141141141	-0.4173807884472871
-2.135135135135135	-0.4172532663269375
-2.129129129129129	-0.41682274485008486
-2.123123123123123	-0.4160905432715749
-2.1171171171171173	-0.41505816356438857
-2.111111111111111	-0.4137272866305281
-2.105105105105105	-0.4120997684335472
-2.099099099099099	-0.4101776360580245
-2.093093093093093	-0.4079630837012226
-2.0870870870870872	-0.40545846860211116
-2.081081081081081	-0.4026663069128728
-2.075075075075075	-0.3995892695179375
-2.069069069069069	-0.39623017780551895
-2.063063063063063	-0.3925919993965519
-2.057057057057057	-0.3886778438358514
-2.051051051051051	-0.3844909582502239
-2.045045045045045	-0.38003472297819063
-2.039039039039039	-0.37531264717587964
-2.033033033033033	-0.37032836440355876
-2.027027027027027	-0.3650856281971938
-2.021021021021021	-0.3595883076293092
-2.015015015015015	-0.3538403828633478
-2.009009009009009	-0.3478459407056071
-2.003003003003003	-0.3416091701587481
-1.996996996996997	-0.335134357980757
-1.990990990990991	-0.3284258842531446
-1.984984984984985	-0.3214882179620605
-1.978978978978979	-0.3143259125958933
-1.972972972972973	-0.30694360176282254
-1.966966966966967	-0.29934599483167934
-1.960960960960961	-0.2915378725993723
-1.954954954954955	-0.28352408298801157
-1.9489489489489489	-0.27530953677477527
-1.942942942942943	-0.26689920335743617
-1.936936936936937	-0.25829810655837027
-1.930930930930931	-0.24951132046975574
-1.924924924924925	-0.24054396534255845
-1.9189189189189189	-0.2314012035218042
-1.912912912912913	-0.22208823543051454
-1.906906906906907	-0.21261029560458933
-1.9009009009009008	-0.20297264878080917
-1.894894894894895	-0.1931805860400191
-1.8888888888888888	-0.18323942100745927
-1.882882882882883	-0.17315448611210274
-1.8768768768768769	-0.16293112890674913
-1.8708708708708708	-0.15257470845053706
-1.864864864864865	-0.14209059175542152
-1.8588588588588588	-0.1314841502980753
-1.852852852852853	-0.12076075659857236
-1.8468468468468469	-0.10992578086710825
-1.8408408408408408	-0.09898458771993203
-1.834834834834835	-0.08794253296555374
-1.8288288288288288	-0.07680496046221297
-1.822822822822823	-0.0655771990475029
-1.8168168168168168	-0.054264559540939006
-1.8108108108108107	-0.042872331820207325
-1.8048048048048049	-0.03140578197170601
-1.7987987987987988	-0.019870149515934472
-1.792792792792793	-0.008270644708201838
-1.7867867867867868	0.003387554084970032
-1.7807807807807807	0.015099302933427334
-1.7747747747747749	0.026859494814724775
-1.7687687687687688	0.03866306200906078
-1.7627627627627627	0.05050497841771699
-1.7567567567567568	0.06238026180498829
-1.7507507507507507	0.0742839759636515
-1.7447447447447448	0.08621123280408025
-1.7387387387387387	0.09815719436719643
-1.7327327327327327	0.11011707476148608
-1.7267267267267268	0.12208614202438811
-1.7207207207207207	0.13405971990841237
-1.7147147147147148	0.14603318959239084
-1.7087087087087087	0.1580019913183457
-1.7027027027027026	0.16996162595447406
-1.6966966966966968	0.18190765648483215
-1.6906906906906907	0.19383570942632689
-1.6846846846846848	0.2057414761736773
-1.6786786786786787	0.21762071427305535
-1.6726726726726726	0.22946924862514542
-1.6666666666666667	0.24128297261841694
-1.6606606606606606	0.25305784919343416
-1.6546546546546548	0.26478991183905465
-1.6486486486486487	0.27647526552142965
-1.6426426426426426	0.28811008754671386
-1.6366366366366367	0.2996906283584595
-1.6306306306306306	0.31121321227067344
-1.6246246246246245	0.3226742381375519
-1.6186186186186187	0.3340701799609351
-1.6126126126126126	0.3453975874365468
-1.6066066066066067	0.3566530864400939
-1.6006006006006006	0.36783337945434813
-1.5945945945945945	0.3789352459383153
-1.5885885885885886	0.3899555426396514
-1.5825825825825826	0.40089120385146926
-1.5765765765765767	0.4117392416147118
-1.5705705705705706	0.4224967458672801
-1.5645645645645645	0.43316088454109997
-1.5585585585585586	0.44372890360834355
-1.5525525525525525	0.45419812707801255
-1.5465465465465467	0.46456595694410274
-1.5405405405405406	0.4748298730865792
-1.5345345345345345	0.4849874331263895
-1.5285285285285286	0.4950362722357492
-1.5225225225225225	0.5049741029049386
-1.5165165165165164	0.5147987146668388
-1.5105105105105106	0.5245079737804538
-1.5045045045045045	0.5340998228746472
-1.4984984984984986	0.5435722805533264
-1.4924924924924925	0.5529234409633067
-1.4864864864864864	0.562151473326076
-1.4804804804804805	0.5712546214346848
-1.4744744744744744	0.5802312031169714
-1.4684684684684686	0.5890796096663272
-1.4624624624624625	0.5977983052412074
-1.4564564564564564	0.6063858262345674
-1.4504504504504505	0.6148407806144137
-1.4444444444444444	0.6231618472366357
-1.4384384384384385	0.6313477751312742
-1.4324324324324325	0.6393973827633824
-1.4264264264264264	0.6473095572696075
-1.4204204204204205	0.6550832536716166
-1.4144144144144144	0.6627174940674814
-1.4084084084084085	0.6702113668021082
-1.4024024024024024	0.6775640256178039
-1.3963963963963963	0.6847746887860328
-1.3903903903903905	0.6918426382214247
-1.3843843843843844	0.698767218579064
-1.3783783783783783	0.705547836336077
-1.3723723723723724	0.7121839588585224
-1.3663663663663663	0.7186751134545705
-1.3603603603603605	0.7250208864149328
-1.3543543543543544	0.7312209220415018
-1.3483483483483483	0.7372749216651241
-1.3423423423423424	0.743182642653427
-1.3363363363363363	0.7489438974095952
-1.3303303303303304	0.7545585523629699
-1.3243243243243243	0.7600265269523377
-1.3183183183183182	0.765347792602742
-1.3123123123123124	0.7705223716966441
-1.3063063063063063	0.7755503365402359
-1.3003003003003004	0.7804318083256856
-1.2942942942942943	0.7851669560900842
-1.2882882882882882	0.7897559956718365
-1.2822822822822824	0.7941991886652238
-1.2762762762762763	0.7984968413738471
-1.2702702702702702	0.8026493037636361
-1.2642642642642643	0.8066569684160956
-1.2582582582582582	0.8105202694824402
-1.2522522522522523	0.8142396816392441
-1.2462462462462462	0.8178157190462246
-1.2402402402402402	0.8212489343067466
-1.2342342342342343	0.8245399174316279
-1.2282282282282282	0.8276892948067983
-1.2222222222222223	0.8306977281653504
-1.2162162162162162	0.833565913564504
-1.2102102102102101	0.836294580367982
-1.2042042042042043	0.8388844902342821
-1.1981981981981982	0.8413364361113131
-1.1921921921921923	0.8436512412378359
-1.1861861861861862	0.8458297581521477
-1.1801801801801801	0.847872867708417
-1.1741741741741742	0.8497814781010669
-1.1681681681681682	0.8515565238975875
-1.1621621621621623	0.8531989650801367
-1.1561561561561562	0.8547097860962781
-1.15015015015015	0.8560899949191858
-1.1441441441441442	0.8573406221176282
-1.1381381381381381	0.8584627199360335
-1.132132132132132	0.8594573613849151
-1.1261261261261262	0.8603256393419282
-1.12012012012012	0.861068665663811
-1.1141141141141142	0.861687570309447
-1.1081081081081081	0.8621835004742742
-1.102102102102102	0.8625576197362521
-1.0960960960960962	0.8628111072135815
-1.09009009009009	0.8629451567343609
-1.0840840840840842	0.8629609760183502
-1.078078078078078	0.8628597858709982
-1.072072072072072	0.8626428193898761
-1.0660660660660661	0.8623113211836548
-1.06006006006006	0.8618665466037385
-1.0540540540540542	0.8613097609886696
-1.048048048048048	0.8606422389213974
-1.042042042042042	0.8598652634994982
-1.0360360360360361	0.8589801256184215
-1.03003003003003	0.8579881232678244
-1.0240240240240241	0.856890560841052
-1.018018018018018	0.8556887484578033
-1.012012012012012	0.8543840013000203
-1.006006006006006	0.8529776389610212
-1.0	0.8514709848078965
-0.9939939939939939	0.8498653653571739
-0.9879879879879878	0.8481621096637475
-0.9819819819819822	0.8463625487230629
-0.9759759759759761	0.8444680148865402
-0.96996996996997	0.8424798412902068
-0.9639639639639639	0.8403993612965075
-0.9579579579579578	0.8382279079492491
-0.9519519519519521	0.8359668134416341
-0.945945945945946	0.8336174085973258
-0.93993993993994	0.8311810223644848
-0.9339339339339339	0.8286589813227087
-0.9279279279279278	0.8260526092028028
-0.9219219219219221	0.8233632264192996
-0.915915915915916	0.8205921496156436
-0.9099099099099099	0.8177406912219543
-0.9039039039039038	0.8148101590252655
-0.8978978978978978	0.8118018557521473
-0.8918918918918921	0.8087170786636014
-0.885885885885886	0.8055571191621251
-0.8798798798798799	0.8023232624108263
-0.8738738738738738	0.7990167869644766
-0.8678678678678677	0.7956389644123787
-0.8618618618618621	0.7921910590329255
-0.855855855855856	0.7886743274597217
-0.8498498498498499	0.7850900183591404
-0.8438438438438438	0.781439372119177
-0.8378378378378377	0.7777236205494674
-0.8318318318318321	0.7739439865923292
-0.825825825825826	0.7701016840446856
-0.8198198198198199	0.7661979172907298
-0.8138138138138138	0.7622338810451833
-0.8078078078078077	0.7582107601069987
-0.8018018018018016	0.7541297291233628
-0.795795795795796	0.7499919523638457
-0.7897897897897899	0.7457985835045432
-0.7837837837837838	0.7415507654220665
-0.7777777777777777	0.7372496299972148
-0.7717717717717716	0.7328962979281838
-0.7657657657657659	0.72849187855315
-0.7597597597597598	0.7240374696820768
-0.7537537537537538	0.7195341574375835
-0.7477477477477477	0.7149830161047217
-0.7417417417417416	0.7103851079894982
-0.7357357357357359	0.7057414832859908
-0.7297297297297298	0.7010531799518953
-0.7237237237237237	0.6963212235923504
-0.7177177177177176	0.6915466273518766
-0.7117117117117115	0.6867303918142784
-0.7057057057057059	0.6818735049103481
-0.6996996996996998	0.6769769418332168
-0.6936936936936937	0.6720416649611981
-0.6876876876876876	0.667068623787966
-0.6816816816816815	0.6620587548599152
-0.6756756756756759	0.6570129817205483
-0.6696696696696698	0.6519322148617402
-0.6636636636636637	0.6468173516817256
-0.6576576576576576	0.6416692764496577
-0.6516516516516515	0.6364888602765931
-0.6456456456456459	0.6312769610927518
-0.6396396396396398	0.6260344236309017
-0.6336336336336337	0.6207620794157327
-0.6276276276276276	0.6154607467590628
-0.6216216216216215	0.6101312307607436
-0.6156156156156158	0.6047743233151184
-0.6096096096096097	0.599390803122894
-0.6036036036036037	0.5939814357082916
-0.5975975975975976	0.5885469734413346
-0.5915915915915915	0.5830881555651413
-0.5855855855855858	0.5776057082280902
-0.5795795795795797	0.5721003445207227
-0.5735735735735736	0.56657276451726
-0.5675675675675675	0.5610236553215979
-0.5615615615615615	0.5554536911176604
-0.5555555555555554	0.5498635332239844
-0.5495495495495497	0.5442538301524136
-0.5435435435435436	0.5386252176707815
-0.5375375375375375	0.5329783188694663
-0.5315315315315314	0.527313744231699
-0.5255255255255253	0.5216320917075093
-0.5195195195195197	0.5159339467912024
-0.5135135135135136	0.5102198826022456
-0.5075075075075075	0.5044904599694703
-0.5015015015015014	0.49874622751846853
-0.4954954954954953	0.4929877217620884
-0.48948948948948967	0.48721546719392306
-0.4834834834834836	0.48142997638469087
-0.4774774774774775	0.47563175008141434
-0.4714714714714714	0.46982127730929185
-0.4654654654654653	0.4639990354761762
-0.45945945945945965	0.45816549047956273
-0.45345345345345356	0.452321096815997
-0.44744744744744747	0.4464662976928179
-0.4414414414414414	0.44060152514214185
-0.4354354354354353	0.4347272001370108
-0.42942942942942963	0.42884373270961795
-0.42342342342342354	0.4229515220715307
-0.41741741741741745	0.41705095673583537
-0.41141141141141135	0.4111424146411228
-0.40540540540540526	0.40522626327724265
-0.3993993993993996	0.3993028598127548
-0.3933933933933935	0.39337255122400233
-0.3873873873873874	0.3874356744257454
-0.38138138138138133	0.38149255640327984
-0.37537537537537524	0.3755435143459818
-0.3693693693693696	0.3695888557822131
-0.3633633633633635	0.3636288787155234
-0.3573573573573574	0.3576638717620967
-0.3513513513513513	0.3516941142893753
-0.3453453453453452	0.34571987655581143
-0.3393393393393396	0.3397414198516903
-0.3333333333333335	0.33375899664097025
-0.3273273273273274	0.327772850704095
-0.3213213213213213	0.32178321728172066
-0.3153153153153152	0.31579032321931527
-0.30930930930930955	0.3097943871125855
-0.30330330330330346	0.30379561945368044
-0.29729729729729737	0.29779422277813955
-0.2912912912912913	0.2917903918125328
-0.2852852852852852	0.28578431362276135
-0.2792792792792791	0.27977616776297654
-0.27327327327327344	0.27376612642508297
-0.26726726726726735	0.2677543545887875
-0.26126126126126126	0.2617410101721658
-0.25525525525525516	0.2557262441827069
-0.24924924924924907	0.2497102008688116
-0.24324324324324342	0.24369301787171013
-0.23723723723723733	0.2376748263777722
-0.23123123123123124	0.23165575127118712
-0.22522522522522515	0.22563591128697894
-0.21921921921921905	0.2196154191643404
-0.2132132132132134	0.21359438180025872
-0.2072072072072073	0.20757290040340934
-0.20120120120120122	0.20155107064830363
-0.19519519519519513	0.19552898282966133
-0.18918918918918903	0.18950672201699567
-0.18318318318318338	0.18348436820939157
-0.1771771771771773	0.177461996490457
-0.1711711711711712	0.17143967718344003
-0.1651651651651651	0.16541747600648635
-0.159159159159159	0.15939545422803097
-0.15315315315315337	0.1533736688223086
-0.14714714714714727	0.14735217262496889
-0.14114114114114118	0.14133101448879118
-0.1351351351351351	0.13531023943948045
-0.129129129129129	0.1292898888315407
-0.12312312312312335	0.1232700005042151
-0.11711711711711725	0.11725060893748254
-0.11111111111111116	0.1112317454081096
-0.10510510510510507	0.10521343814574241
-0.09909909909909898	0.09919571248903908
-0.09309309309309333	0.09317859104183425
-0.08708708708708723	0.0871620938293296
-0.08108108108108114	0.0811462384543115
-0.07507507507507505	0.07513104025338364
-0.06906906906906896	0.06911651245321755
-0.06306306306306331	0.06310266632681588
-0.057057057057057214	0.057089511349783455
-0.05105105105105112	0.05107705535661079
-0.04504504504504503	0.04506530469695916
-0.039039039039038936	0.039054264391952184
-0.033033033033032844	0.033043938290470455
-0.027027027027027195	0.027034329225448576
-0.021021021021021102	0.021025439170171616
-0.01501501501501501	0.015017269394576807
-0.009009009009008917	0.009009820621551305
-0.0030030030030028243	0.003003093183232482
0.0030030030030028243	-0.0030029128226917606
0.009009009009008917	-0.009008197376684818
0.01501501501501501	-0.015012760381058783
0.021021021021021102	-0.021016601503676294
0.027027027027027195	-0.027019720021650182
0.033033033033032844	-0.03302211466504323
0.039039039039038936	-0.03902378346057035
0.04504504504504503	-0.04502472357529695
0.05105105105105112	-0.05102493116034246
0.057057057057057214	-0.057024401194583206
0.06306306306306286	-0.06302312732835752
0.06906906906906896	-0.0690211017271762
0.07507507507507505	-0.07501831491543308
0.08108108108108114	-0.08101475562012596
0.08708708708708723	-0.08701041061458331
0.09309309309309288	-0.09300526456220101
0.09909909909909898	-0.09899929986019401
0.10510510510510507	-0.10499249648335932
0.11111111111111116	-0.11098483182786267
0.11711711711711725	-0.11697628055504605
0.1231231231231229	-0.12296681443526283
0.129129129129129	-0.12895640219174775
0.1351351351351351	-0.13494500934452064
0.14114114114114118	-0.1409325980543387
0.14714714714714727	-0.14691912696669798
0.15315315315315292	-0.1529045510558931
0.159159159159159	-0.15888882146914596
0.1651651651651651	-0.16487188537080563
0.1711711711711712	-0.17085368578663782
0.1771771771771773	-0.17683416144820754
0.18318318318318294	-0.18281324663736861
0.18918918918918903	-0.1887908710308744
0.19519519519519513	-0.1947669595451155
0.20120120120120122	-0.20074143218100748
0.2072072072072073	-0.20671420386903713
0.2132132132132134	-0.21268518431448466
0.21921921921921905	-0.21865427784283875
0.22522522522522515	-0.22462138324542388
0.23123123123123124	-0.23058639362525288
0.23723723723723733	-0.2365491962431331
0.24324324324324342	-0.24250967236404028
0.24924924924924907	-0.24846769710378533
0.25525525525525516	-0.2544231392759984
0.26126126126126126	-0.2603758612394492
0.26726726726726735	-0.2663257187457372
0.27327327327327344	-0.2722725607873732
0.2792792792792791	-0.27821622944628144
0.2852852852852852	-0.2841565597427552
0.2912912912912913	-0.29009337948488984
0.29729729729729737	-0.29602650911853395
0.30330330330330346	-0.30195576157778653
0.3093093093093091	-0.30788094213607703
0.3153153153153152	-0.31380184825786733
0.3213213213213213	-0.319718269451007
0.3273273273273274	-0.32562998711978997
0.3333333333333335	-0.331536774418748
0.33933933933933913	-0.3374383961072246
0.3453453453453452	-0.34333460840477753
0.3513513513513513	-0.3492251588474469
0.3573573573573574	-0.35510978614494804
0.3633633633633635	-0.3609882200388287
0.36936936936936915	-0.36686018116164615
0.37537537537537524	-0.3727253808972178
0.38138138138138133	-0.37858352124199246
0.3873873873873874	-0.38443429466760887
0.3933933933933935	-0.390277383984691
0.39939939939939917	-0.3961124622079424
0.40540540540540526	-0.40193919242260423
0.41141141141141135	-0.40775722765233213
0.41741741741741745	-0.4135662107285668
0.42342342342342354	-0.4193657741614584
0.4294294294294292	-0.4251555400124159
0.4354354354354353	-0.43093511976835386
0.4414414414414414	-0.4367041142177039
0.44744744744744747	-0.4424621133282732
0.45345345345345356	-0.4482086961270198
0.45945945945945965	-0.4539434305818271
0.4654654654654653	-0.45966587348535654
0.4714714714714714	-0.4653755703410624
0.4774774774774775	-0.47107205525144924
0.4834834834834836	-0.4767548508086644
0.48948948948948967	-0.48242346798750946
0.4954954954954953	-0.48807740604096184
0.5015015015015014	-0.49371615239830335
0.5075075075075075	-0.4993391825659407
0.5135135135135136	-0.5049459600310257
0.5195195195195197	-0.5105359361679666
0.5255255255255253	-0.5161085501479318
0.5315315315315314	-0.5216632288514539
0.5375375375375375	-0.527199386784228
0.5435435435435436	-0.532716425996224
0.5495495495495497	-0.5382137360042114
0.5555555555555554	-0.5436906937178115
0.5615615615615615	-0.5491466633691913
0.5675675675675675	-0.5545809964465067
0.5735735735735736	-0.5599930316312207
0.5795795795795797	-0.5653820947394099
0.5855855855855854	-0.5707474986671776
0.5915915915915915	-0.5760885433403038
0.5975975975975976	-0.5814045156682462
0.6036036036036037	-0.5866946895026265
0.6096096096096097	-0.5919583256003264
0.6156156156156154	-0.5971946715913222
0.6216216216216215	-0.6024029619513938
0.6276276276276276	-0.6075824179798331
0.6336336336336337	-0.6127322477822974
0.6396396396396398	-0.6178516462589352
0.6456456456456454	-0.6229397950979277
0.6516516516516515	-0.6279958627745866
0.6576576576576576	-0.6330190045561426
0.6636636636636637	-0.6380083625123761
0.6696696696696698	-0.6429630655322306
0.6756756756756754	-0.6478822293465524
0.6816816816816815	-0.6527649565571078
0.6876876876876876	-0.6576103366720213
0.6936936936936937	-0.6624174461477902
0.6996996996996998	-0.6671853484380197
0.7057057057057055	-0.6719130940490359
0.7117117117117115	-0.676599720602526
0.7177177177177176	-0.6812442529053581
0.7237237237237237	-0.6858457030267398
0.7297297297297298	-0.6904030703828667
0.7357357357357359	-0.6949153418292188
0.7417417417417416	-0.6993814917606568
0.7477477477477477	-0.7038004822194852
0.7537537537537538	-0.7081712630116261
0.7597597597597598	-0.7124927718310727
0.7657657657657659	-0.7167639343927734
0.7717717717717716	-0.7209836645741089
0.7777777777777777	-0.725150864565116
0.7837837837837838	-0.7292644250276181
0.7897897897897899	-0.7333232252634191
0.795795795795796	-0.7373261333917204
0.8018018018018016	-0.7412720065359106
0.8078078078078077	-0.7451596910198937
0.8138138138138138	-0.7489880225740996
0.8198198198198199	-0.7527558265513419
0.825825825825826	-0.7564619181526674
0.8318318318318316	-0.7601051026633551
0.8378378378378377	-0.7636841756992118
0.8438438438438438	-0.767197923463314
0.8498498498498499	-0.7706451230133441
0.855855855855856	-0.7740245425396666
0.8618618618618616	-0.7773349416542854
0.8678678678678677	-0.7805750716908284
0.8738738738738738	-0.78374367601569
0.8798798798798799	-0.7868394903504776
0.885885885885886	-0.7898612431058887
0.8918918918918917	-0.7928076557271512
0.8978978978978978	-0.7956774430511581
0.9039039039039038	-0.7984693136754112
0.9099099099099099	-0.8011819703389091
0.915915915915916	-0.8038141103150818
0.9219219219219217	-0.8063644258168952
0.9279279279279278	-0.8088316044142304
0.9339339339339339	-0.8112143294636424
0.93993993993994	-0.8135112805505987
0.945945945945946	-0.8157211339442945
0.9519519519519517	-0.8178425630651314
0.9579579579579578	-0.8198742389649495
0.9639639639639639	-0.8218148308200852
0.96996996996997	-0.823663006437336
0.9759759759759761	-0.8254174327728951
0.9819819819819822	-0.8270767764643178
0.9879879879879878	-0.8286397043755764
0.9939939939939939	-0.8301048841552514
1.0	-0.8314709848078965
1.0060060060060056	-0.832736677278618
1.0120120120120122	-0.8339006350508884
1.0180180180180178	-0.8349615347576167
1.0240240240240244	-0.835918056805485
1.03003003003003	-0.8367688860125511
1.0360360360360357	-0.8375127122591162
1.0420420420420422	-0.8381482311518352
1.0480480480480479	-0.838674144701051
1.0540540540540544	-0.8390891620113139
1.06006006006006	-0.8393919999850477
1.0660660660660657	-0.8395813840393033
1.0720720720720722	-0.839656048835538
1.0780780780780779	-0.8396147390223476
1.0840840840840844	-0.8394562099910619
1.09009009009009	-0.8391792286441084
1.0960960960960957	-0.8387825741760395
1.1021021021021022	-0.8382650388670947
1.108108108108108	-0.8376254288891757
1.1141141141141144	-0.8368625651240813
1.12012012012012	-0.8359752839938527
1.1261261261261257	-0.8349624383030516
1.1321321321321323	-0.8338228980927941
1.138138138138138	-0.8325555515063426
1.1441441441441444	-0.8311593056660413
1.15015015015015	-0.8296330875613775
1.1561561561561557	-0.8279758449479228
1.1621621621621623	-0.826186547256908
1.168168168168168	-0.8242641865151602
1.1741741741741745	-0.8222077782751147
1.1801801801801801	-0.8200163625546145
1.1861861861861858	-0.8176890047861693
1.1921921921921923	-0.8152247967753554
1.198198198198198	-0.812622857668005
1.2042042042042045	-0.8098823349258204
1.2102102102102101	-0.8070024053100411
1.2162162162162158	-0.8039822758727585
1.2222222222222223	-0.8008211849554737
1.228228228228228	-0.7975184031944653
1.2342342342342345	-0.7940732345325124
1.2402402402402402	-0.7904850172365232
1.2462462462462458	-0.7867531249205676
1.2522522522522523	-0.7828769675738274
1.258258258258258	-0.7788559925929383
1.2642642642642645	-0.7746896858181823
1.2702702702702702	-0.7703775725729859
1.2762762762762758	-0.7659192187061347
1.2822822822822824	-0.7613142316361226
1.288288288288288	-0.7565622613970212
1.2942942942942945	-0.7516630016852288
1.3003003003003002	-0.7466161909064648
1.3063063063063058	-0.7414216132223238
1.3123123123123124	-0.7360790995957143
1.318318318318318	-0.7305885288344695
1.3243243243243246	-0.7249498286323961
1.3303303303303302	-0.719162976607034
1.3363363363363359	-0.7132280013333391
1.3423423423423424	-0.7071449833725244
1.348348348348348	-0.7009140562952499
1.3543543543543546	-0.6945354076983297
1.3603603603603602	-0.6880092802141375
1.3663663663663668	-0.6813359725118253
1.3723723723723724	-0.6745158402895028
1.378378378378378	-0.667549297256457
1.3843843843843846	-0.6604368161045172
1.3903903903903903	-0.653178929467626
1.3963963963963968	-0.6457762308686554
1.4024024024024024	-0.6382293756525232
1.408408408408408	-0.6305390819045986
1.4144144144144146	-0.6227061313534155
1.4204204204204203	-0.6147313702566704
1.4264264264264268	-0.6066157102694536
1.4324324324324325	-0.5983601292936965
1.438438438438438	-0.5899656723077304
1.4444444444444446	-0.581433452174907
1.4504504504504503	-0.5727646504301759
1.4564564564564568	-0.5639605180434928
1.4624624624624625	-0.555022376158972
1.4684684684684681	-0.5459516168086054
1.4744744744744747	-0.5367497035994355
1.4804804804804803	-0.5274181723730108
1.4864864864864868	-0.5179586318359365
1.4924924924924925	-0.5083727641603776
1.4984984984984981	-0.498662325553282
1.5045045045045047	-0.4888291467931599
1.5105105105105103	-0.4788751337331995
1.5165165165165169	-0.46880226776949024
1.5225225225225225	-0.4586126062731717
1.5285285285285282	-0.4483082829852381
1.5345345345345347	-0.4378915083728067
1.5405405405405403	-0.42736456994560085
1.5465465465465469	-0.4167298325314012
1.5525525525525525	-0.4059897385092637
1.5585585585585582	-0.3951468079992217
1.5645645645645647	-0.3842036390072776
1.5705705705705704	-0.37316290752443326
1.576576576576577	-0.36202736757851295
1.5825825825825826	-0.35079985123759416
1.5885885885885882	-0.33948326856377453
1.5945945945945947	-0.3280806075161091
1.6006006006006004	-0.3165949338014884
1.606606606606607	-0.3050293906722537
1.6126126126126126	-0.29338719866940133
1.6186186186186182	-0.28167165531015925
1.6246246246246248	-0.2698861347188173
1.6306306306306304	-0.258034087199657
1.636636636636637	-0.24611903875083335
1.6426426426426426	-0.23414459051815376
1.6486486486486482	-0.22211441818761016
1.6546546546546548	-0.21003227131564836
1.6606606606606604	-0.19790197259611636
1.666666666666667	-0.18572741706286108
1.6726726726726726	-0.1735125712270266
1.6786786786786783	-0.1612614721480485
1.6846846846846848	-0.1489782264374546
1.6906906906906904	-0.1366670091945641
1.696696696696697	-0.12433206287320195
1.7027027027027026	-0.11197769607865228
1.7087087087087083	-0.09960828229400685
1.7147147147147148	-0.0872282585352075
1.7207207207207205	-0.0748421239340599
1.726726726726727	-0.062454438248539926
1.7327327327327327	-0.05006982029981721
1.7387387387387383	-0.037692946335381866
1.7447447447447448	-0.02532854831779214
1.7507507507507505	-0.012981412138565664
1.756756756756757	-0.0006563757567773915
1.7627627627627627	0.01164167273794316
1.7687687687687683	0.02390779713837393
1.7747747747747749	0.036137015208812295
1.7807807807807805	0.0483243008505363
1.786786786786787	0.060464586343747476
1.7927927927927927	0.07255276466599724
1.7987987987987983	0.08458369188713376
1.8048048048048049	0.0965521896406362
1.8108108108108105	0.10845304767119321
1.816816816816817	0.12028102645830731
1.8228228228228227	0.13203085991557767
1.8288288288288284	0.14369725816532078
1.834834834834835	0.15527491038802124
1.8408408408408405	0.16675848774608384
1.846846846846847	0.17814264638127156
1.8528528528528527	0.189422030485071
1.8588588588588584	0.2005912754412356
1.864864864864865	0.21164501103957054
1.8708708708708706	0.2225778647599992
1.876876876876877	0.23338446512585154
1.8828828828828827	0.24405944512516944
1.8888888888888893	0.2545974456988181
1.894894894894895	0.2649931192939938
1.9009009009009006	0.2752411334817259
1.9069069069069071	0.2853361746367751
1.9129129129129128	0.2952729516782935
1.9189189189189193	0.305046199869504
1.924924924924925	0.314650684674503
1.9309309309309306	0.3240812056702709
1.9369369369369371	0.3333326005117835
1.9429429429429428	0.34239974894807174
1.9489489489489493	0.35127757688696015
1.954954954954955	0.35996106050607013
1.9609609609609606	0.3684452304076304
1.9669669669669672	0.37672517581446424
1.9729729729729728	0.38479604880445845
1.9789789789789793	0.3926530685807075
1.984984984984985	0.4002915257743773
1.9909909909909906	0.40770678677728983
1.9969969969969972	0.41489429810105777
2.003003003003003	0.42184959075952905
2.0090090090090094	0.42856828467119473
2.015015015015015	0.435046093078067
2.0210210210210207	0.4412788269774858
2.027027027027027	0.4472623995631544
2.033033033033033	0.45299283067162865
2.0390390390390394	0.458466251230385
2.045045045045045	0.46367890770345643
2.0510510510510507	0.46862716653057596
2.057057057057057	0.4733075185556162
2.063063063063063	0.4777165834400549
2.0690690690690694	0.4818511140570861
2.075075075075075	0.48570800086189403
2.0810810810810807	0.4892842762335446
2.0870870870870872	0.49257711878382443
2.093093093093093	0.4955838576283028
2.0990990990990994	0.4983019766147978
2.105105105105105	0.5007291185043387
2.1111111111111107	0.5028630890996637
2.1171171171171173	0.5047018613161944
2.123123123123123	0.5062435791903765
2.1291291291291294	0.5074865618202082
2.135135135135135	0.5084293072327082
2.1411411411411407	0.5090704961730309
2.1471471471471473	0.5094089958098743
2.153153153153153	0.5094438633517839
2.1591591591591595	0.5091743495689125
2.165165165165165	0.5085999022147561
2.1711711711711708	0.5077201693423565
2.1771771771771773	0.5065350025094334
2.183183183183183	0.5050444598668876
2.1891891891891895	0.5032488091251002
2.195195195195195	0.5011485303924498
2.2012012012012008	0.4987443188804558
2.2072072072072073	0.4960370874699728
2.213213213213213	0.4930279691328625
2.2192192192192195	0.48971831920358455
2.225225225225225	0.48610971749518755
2.231231231231231	0.4822039702541892
2.2372372372372373	0.4780031119488967
2.243243243243243	0.47350940688575244
2.2492492492492495	0.46872535064833853
2.255255255255255	0.4636536713537602
2.261261261261261	0.4582973307211637
2.2672672672672673	0.45265952494725537
2.273273273273273	0.4467436853837593
2.2792792792792795	0.440553479011835
2.285285285285285	0.4340928087086186
2.291291291291291	0.42736581330111134
2.2972972972972974	0.42037686740281105
2.303303303303303	0.41313058102858247
2.3093093093093096	0.4056317989833986
2.315315315315315	0.39788560002077206
2.321321321321321	0.38989729576679377
2.3273273273273274	0.38167242940592516
2.333333333333333	0.37321677412482845
2.3393393393393396	0.36453633131069973
2.3453453453453452	0.3556373285008159
2.351351351351351	0.3465262170801368
2.3573573573573574	0.33720966972408895
2.363363363363363	0.32769457758384113
2.3693693693693696	0.3179880472116069
2.3753753753753752	0.3080973972238063
2.381381381381381	0.29803015470009037
2.3873873873873874	0.28779405131657343
2.393393393393393	0.27739701921183935
2.3993993993993996	0.26684718658456025
2.4054054054054053	0.2561528730219177
2.411411411411412	0.24532258455821954
2.4174174174174174	0.23436500846351246
2.423423423423423	0.22328900776220562
2.4294294294294296	0.21210361548213388
2.4354354354354353	0.20081802863475934
2.441441441441442	0.18944160192755274
2.4474474474474475	0.17798384120999922
2.453453453453453	0.16645439665493472
2.4594594594594597	0.15486305567737044
2.4654654654654653	0.14321973559327547
2.471471471471472	0.13153447602116022
2.4774774774774775	0.11981743102973927
2.483483483483483	0.10807886103525034
2.4894894894894897	0.09632912445249023
2.4954954954954953	0.08457866910395742
2.501501501501502	0.07283802339190974
2.5075075075075075	0.06111778723858495
2.513513513513513	0.04942862280017558
2.5195195195195197	0.03778124496063067
2.5255255255255253	0.02618641161172787
2.531531531531532	0.01465491372627098
2.5375375375375375	0.0031975652317434156
2.543543543543543	-0.008174807307919321
2.5495495495495497	-0.019451375194266582
2.5555555555555554	-0.03062131827144339
2.561561561561562	-0.04167383576952334
2.5675675675675675	-0.05259815730462972
2.573573573573573	-0.06338355402609433
2.5795795795795797	-0.07401934990038726
2.5855855855855854	-0.08449493312121151
2.591591591591592	-0.09479976763474184
2.5975975975975976	-0.10492340476852739
2.603603603603603	-0.11485549495227863
2.6096096096096097	-0.12458579951827223
2.6156156156156154	-0.13410420256878874
2.621621621621622	-0.14340072289761308
2.6276276276276276	-0.15246552595221818
2.6336336336336332	-0.1612889358229666
2.6396396396396398	-0.16986144724524826
2.6456456456456454	-0.1781737376001778
2.651651651651652	-0.18621667889915117
2.6576576576576576	-0.19398134973721018
2.6636636636636633	-0.20145904719992447
2.66966966966967	-0.20864129870815687
2.6756756756756754	-0.21551987378484672
2.681681681681682	-0.2220867957276922
2.6876876876876876	-0.22833435317133854
2.6936936936936933	-0.2342551115225185
2.6996996996997	-0.23984192425132933
2.7057057057057055	-0.2450879440216943
2.711711711711712	-0.24998663364388213
2.7177177177177176	-0.2545317768317949
2.7237237237237233	-0.2587174887476574
2.72972972972973	-0.2625382263166027
2.7357357357357355	-0.26598879829360206
2.741741741741742	-0.26906437506513226
2.7477477477477477	-0.27176049816793224
2.7537537537537533	-0.2740730895072307
2.75975975975976	-0.27599846025682157
2.7657657657657655	-0.2775333194234405
2.771771771771772	-0.2786747820579663
2.7777777777777777	-0.27942037709607814
2.7837837837837833	-0.27976805481114453
2.78978978978979	-0.2797161938622779
2.7957957957957955	-0.27926360792069177
2.801801801801802	-0.2784095518577202
2.8078078078078077	-0.27715372747811934
2.8138138138138133	-0.2754962887825548
2.81981981981982	-0.27343784674350513
2.8258258258258255	-0.2709794735791601
2.831831831831832	-0.26812270651027154
2.8378378378378377	-0.2648695509853467
2.8438438438438434	-0.2612224833600002
2.84984984984985	-0.2571844530167869
2.8558558558558556	-0.2527588839123377
2.861861861861862	-0.24794967553916614
2.8678678678678677	-0.24276120329011497
2.8738738738738734	-0.23719831821399354
2.87987987987988	-0.23126634615163777
2.8858858858858856	-0.22497108624227946
2.891891891891892	-0.21831880879082546
2.8978978978978978	-0.21131625248741304
2.9039039039039043	-0.20397062097134372
2.90990990990991	-0.19628957873235264
2.9159159159159156	-0.18828124634295298
2.921921921921922	-0.17995419501651805
2.9279279279279278	-0.1713174404866175
2.9339339339339343	-0.16238043620406195
2.93993993993994	-0.15315306584908833
2.9459459459459456	-0.1436456351570426
2.951951951951952	-0.1338688630569961
2.957957957957958	-0.12383387212369919
2.9639639639639643	-0.11355217834435435
2.96996996996997	-0.10303568020280449
2.9759759759759756	-0.09229664708474995
2.981981981981982	-0.08134770700882711
2.987987987987988	-0.07020183368944548
2.9939939939939944	-0.05887233293845222
3.0	-0.04737282841391888
